1 2 0.95
1 3 0.35
1 4 0.8
1 5 0.85
1 6 0.75
2 1 0.95
2 3 0.25
2 4 0.65
2 6 0.7
2 14 0.15
3 1 0.35
3 2 0.25
3 4 0.25
3 11 0.75
3 13 0.85
4 1 0.8
4 2 0.65
4 3 0.25
4 10 0.5
5 1 0.85
5 7 0.5
5 8 0.5
5 9 0.5
5 11 0.15
5 12 0.1
6 1 0.75
6 2 0.7
6 14 0.2
7 5 0.5
7 8 0.7
7 11 0.3
7 12 0.35
8 5 0.5
8 7 0.7
8 9 0.9
8 10 0.4
9 5 0.5
9 8 0.9
9 11 0.15
9 12 0.25
10 4 0.5
10 8 0.4
11 3 0.75
11 5 0.15
11 7 0.3
11 9 0.15
11 12 0.95
11 13 0.9
12 5 0.1
12 7 0.35
12 9 0.25
12 11 0.95
13 3 0.85
13 11 0.9
14 2 0.15
14 6 0.2